 6.51
 4.52
 3.55
 3.02
 2.84
 2.83
 2.50
 2.14
 1.93
 1.91
 1.78
 1.78
 1.50
 1.36
 1.27
 1.08
 1.07
 1.06
 1.00
 1.00
 0.93
 0.89
 0.85
 0.83
 0.82
 0.81
 0.78
 0.76
 0.75
 0.73
 0.73
 0.73
 0.72
 0.72
 0.72
 0.71
 0.70
 0.69
 0.68
 0.68
 0.67
 0.64
 0.63
 0.61
 0.59
 0.57
 0.57
 0.57
 0.54
 0.53
 0.50
 0.49
 0.49
 0.48
 0.48
 0.47
 0.47
 0.44
 0.43
 0.43
 0.43
 0.43
 0.42
 0.41
 0.41
 0.40
 0.40
 0.40
 0.38
 0.38
 0.37
 0.36
 0.35
 0.35
 0.35
 0.35
 0.35
 0.34
 0.33
 0.32
 0.31
 0.29
 0.29
 0.29
 0.27
 0.27
 0.26
 0.24
 0.23
 0.23
 0.23
 0.22
 0.22
 0.21
 0.21
 0.21
 0.21
 0.20
 0.19
 0.19
 0.19
 0.19
 0.19
 0.19
 0.19
 0.18
 0.18
 0.17
 0.17
 0.16
 0.16
 0.16
 0.16
 0.15
 0.15
 0.15
 0.15
 0.15
 0.14
 0.14
 0.14
 0.14
 0.13
 0.13
 0.13
 0.12
 0.12
 0.12
 0.12
 0.12
 0.12
 0.12
 0.12
 0.12
 0.11
 0.11
 0.11
 0.10
 0.10
 0.10
 0.09
 0.09
 0.09
 0.09
 0.09
 0.09
 0.09
 0.09
 0.09
 0.08
 0.08
 0.08
 0.08
 0.08
 0.08
 0.08
 0.07
 0.07
 0.07
 0.07
 0.07
 0.07
 0.07
 0.06
 0.06
 0.06
 0.06
 0.05
 0.05
 0.05
 0.05
 0.05
 0.05
 0.04
 0.04
 0.04
 0.04
 0.04
 0.04
 0.04
 0.04
 0.04
 0.04
 0.04
 0.04
 0.04
 0.04
 0.04
 0.04
 0.04
 0.04
 0.04
 0.04
 0.04
 0.04
 0.04
 0.04
 0.04
 0.04
 0.04
 0.04
 0.04
 0.04
 0.04
 0.04
 0.04
 0.04
 0.04
 0.04
 0.04
 0.04
 0.04
 0.03
 0.03
 0.03
 0.03
 0.03
 0.03
 0.03
 0.03
 0.03
 0.03
 0.03
 0.03
 0.03
 0.03
 0.03
 0.03
 0.03
 0.03
 0.03
 0.03
 0.03
 0.03
 0.03
 0.03
 0.03
 0.03
 0.03
 0.03
 0.03
 0.03
 0.03
 0.03
 0.03
 0.03
 0.03
 0.03
 0.03
 0.03
 0.03
 0.03
 0.03
 0.03
 0.03
 0.03
 0.03
 0.03
 0.03
 0.02
 0.02
 0.02
 0.02
 0.02
 0.02
 0.02
 0.02
 0.02
 0.02
 0.02
 0.02
 0.02
 0.02
 0.02
 0.02
 0.02
 0.02
 0.02
 0.02
 0.02
 0.02
 0.02
 0.02
 0.02
 0.02
 0.02
 0.02
 0.02
 0.02
 0.02
 0.02
 0.02
 0.02
 0.02
 0.02
 0.02
 0.02
 0.02
 0.02
 0.02
 0.02
 0.02
 0.02
 0.02
 0.02
 0.02
 0.02
 0.02
 0.02
 0.02
 0.02
 0.02
 0.02
 0.02
 0.02
 0.02
 0.02
 0.02
 0.02
 0.02
 0.02
 0.02
 0.02
 0.02
 0.02
 0.02
 0.02
 0.02
 0.02
 0.02
 0.02
 0.02
 0.02
 0.02
 0.02
 0.02
 0.02
 0.02
 0.02
 0.02
 0.02
 0.02
 0.02
 0.02
 0.02
 0.02
 0.02
 0.02
 0.02
 0.02
 0.02
 0.02
 0.02
 0.02
 0.02
 0.02
 0.02
 0.02
 0.02
 0.02
 0.02
 0.02
 0.02
 0.02
 0.02
 0.02
 0.02
 0.02
 0.02
 0.02
 0.02
 0.02
 0.02
 0.02
 0.02
 0.02
 0.02
 0.02
 0.02
 0.02
 0.02
 0.02
